cmd: ./allBuildVersions/programWithO3ThirdVersion
events: Ir
fl=./csu/../csu/libc-start.c
fn=__libc_start_main@@GLIBC_2.34
128 2
134 3
135 7
138 1
139 2
142 3
143 2
144 11
145 4
242 13
311 3
312 3
337 6
340 2
343 2
350 2
352 2
360 4
fl=./csu/../sysdeps/nptl/libc_start_call_main.h
fn=(below main)
29 9
44 3
46 2
51 2
52 2
55 2
58 6
74 2
fl=./csu/./csu/init-first.c
fn=_init_first
46 6
51 2
55 5
61 1
62 1
63 2
71 2
72 3
fl=./ctype/./ctype/ctype-info.c
fn=__ctype_init
29 1
31 7
33 4
35 4
36 1
fl=./ctype/./ctype/ctype.c
fn=isspace
34 50775858
fl=./debug/../sysdeps/x86_64/multiarch/ifunc-memmove.h
fn=__memcpy_chk
56 2
57 3
60 3
61 2
74 2
77 2
85 2
93 2
96 5
fn=__memmove_chk
56 2
57 3
60 3
61 2
74 2
77 2
85 2
93 2
96 5
fn=__mempcpy_chk
56 2
57 3
60 3
61 2
74 2
77 2
85 2
93 2
96 5
fl=./debug/../sysdeps/x86_64/multiarch/ifunc-memset.h
fn=__memset_chk
54 5
57 3
58 2
64 2
73 2
75 2
85 2
93 2
96 5
fl=./debug/../sysdeps/x86_64/multiarch/memcpy_chk.c
fn=__memcpy_chk
29 1
fl=./debug/../sysdeps/x86_64/multiarch/memmove_chk.c
fn=__memmove_chk
29 1
fl=./debug/../sysdeps/x86_64/multiarch/mempcpy_chk.c
fn=__mempcpy_chk
29 1
fl=./debug/../sysdeps/x86_64/multiarch/memset_chk.c
fn=__memset_chk
29 1
fl=./elf/../bits/stdlib-bsearch.h
fn=intel_check_word.constprop.0
27 96
28 48
29 744
31 648
32 348
35 264
37 120
fl=./elf/../elf/dl-tls.c
fn=_dl_add_to_slotinfo
1017 9
1023 1
1026 1
1027 1
1031 3
1065 2
1068 2
1069 3
1072 6
fn=_dl_allocate_tls_init
523 11
524 2
528 2
531 1
534 2
537 3
549 1
554 17
560 5
563 3
564 2
570 3
571 2
573 10
576 2
577 2
580 2
581 4
583 2
584 2
593 1
601 2
603 10
609 1
615 2
618 2
621 9
fn=_dl_allocate_tls_storage
365 1
369 1
370 1
371 2
374 1
380 2
417 7
419 1
430 1
431 1
432 2
440 6
441 1
445 305
464 1
470 7
fn=_dl_assign_tls_modid
125 4
128 2
141 1
181 1
183 1
186 1
187 2
fn=_dl_count_modids
192 1
194 2
195 1
210 2
fn=_dl_determine_tlsoffset
216 9
217 1
218 1
219 1
222 4
225 2
259 1
261 11
263 5
265 3
266 2
268 2
270 5
281 1
286 8
288 2
289 1
294 1
301 1
302 7
304 2
354 1
355 8
fn=_dl_tls_static_surplus_init
83 3
97 8
100 6
101 5
102 3
104 4
107 1
109 1
111 3
112 6
fl=./elf/../include/list.h
fn=__tls_init_tp
43 2
44 2
45 1
47 1
fl=./elf/../include/rtld-malloc.h
fn=__minimal_calloc
56 8
fn=_dl_allocate_tls_storage
44 2
56 1
fn=_dl_check_map_versions
44 9
fn=_dl_find_object_init
56 2
fn=_dl_important_hwcaps
56 4
fn=_dl_init_paths
56 5
fn=_dl_map_object_deps
56 6
fn=_dl_new_object
44 9
56 6
fn=fillin_rpath.isra.0
50 2
51 1
56 2
fn=init_tls
44 2
fl=./elf/../include/scratch_buffer.h
fn=_dl_map_object_deps
77 2
78 1
85 3
131 8
fl=./elf/../misc/sbrk.c
fn=sbrk
37 6
40 1
58 2
62 2
78 5
fl=./elf/../nptl/nptl-stack.h
fn=__libc_early_init
61 8
fl=./elf/../sysdeps/generic/_itoa.h
fn=_dl_check_map_versions
76 6
fl=./elf/../sysdeps/generic/dl-cache.h
fn=_dl_load_cache_lookup
125 1
194 1
195 5
fl=./elf/../sysdeps/generic/dl-call_tls_init_tp.h
fn=init_tls
31 8
33 1
fl=./elf/../sysdeps/generic/dl-debug.h
fn=dl_main
29 4
30 1
fl=./elf/../sysdeps/generic/dl-hash.h
fn=__rtld_malloc_init_real
43 1
44 1
45 19
48 18
62 24
67 1
72 1
fl=./elf/../sysdeps/generic/dl-new-hash.h
fn=_dl_lookup_symbol_x
69 118
70 236
74 880
77 1760
80 816
81 1632
87 54
88 54
89 108
90 54
99 762
101 762
102 1524
104 762
105 762
fl=./elf/../sysdeps/generic/dl-protected.h
fn=do_lookup_x
29 444
fl=./elf/../sysdeps/generic/ldsodefs.h
fn=_dl_relocate_object
79 35
140 363
fn=_dl_start
79 6
fn=do_lookup_x
139 222
140 333
fl=./elf/../sysdeps/nptl/dl-mutex.c
fn=__rtld_mutex_init
30 7
37 1
40 7
44 2
45 9
47 6
51 2
52 7
53 6
fl=./elf/../sysdeps/nptl/dl-tls_init_tp.c
fn=__tls_init_tp
68 5
69 1
72 1
75 4
76 2
77 1
82 2
87 4
90 1
93 3
105 4
121 3
128 2
129 3
fn=__tls_pre_init_tp
53 3
56 10
61 2
62 1
64 1
fn=rtld_mutex_dummy
42 8
44 16
fl=./elf/../sysdeps/nptl/pthread_early_init.h
fn=__libc_early_init
33 6
34 1
38 5
45 2
46 1
48 2
52 5
53 1
54 1
56 1
fl=./elf/../sysdeps/posix/dl-fileid.h
fn=_dl_map_object_from_fd
37 8
40 8
49 12
fl=./elf/../sysdeps/unix/sysv/linux/brk.c
fn=brk
36 1
37 1
38 2
44 1
45 1
fl=./elf/../sysdeps/unix/sysv/linux/brk_call.h
fn=brk
24 2
fl=./elf/../sysdeps/unix/sysv/linux/dl-osinfo.h
fn=dl_main
39 2
52 1
fl=./elf/../sysdeps/unix/sysv/linux/dl-parse_auxv.h
fn=_dl_sysdep_parse_arguments
32 2
33 1
34 1
41 93
42 44
43 44
45 1
46 2
47 2
48 2
49 1
51 2
52 2
53 2
54 2
56 2
fl=./elf/../sysdeps/unix/sysv/linux/dl-sysdep.c
fn=_dl_sysdep_parse_arguments
78 7
79 2
80 2
81 3
82 37
83 77
86 2
90 56
93 5
94 2
95 3
96 6
fn=_dl_sysdep_start
102 6
103 1
106 2
110 2
113 1
115 2
122 3
123 2
125 5
137 3
140 5
143 4
fn=_dl_sysdep_start_cleanup
147 1
148 1
fl=./elf/../sysdeps/unix/sysv/linux/dl-vdso-setup.h
fn=dl_main
30 1
33 1
36 1
39 1
45 1
fl=./elf/../sysdeps/unix/sysv/linux/dl-vdso.h
fn=dl_main
40 2
41 5
55 2
fl=./elf/../sysdeps/unix/sysv/linux/rseq-internal.h
fn=__tls_init_tp
32 3
34 7
37 2
40 1
fl=./elf/../sysdeps/unix/sysv/linux/x86/dl-hwcap2.h
fn=update_active.constprop.0
25 2
fl=./elf/../sysdeps/unix/sysv/linux/x86/dl-minsigstacksize.h
fn=get_common_indices.constprop.0
24 2
27 2
28 2
65 3
72 1
74 1
fl=./elf/../sysdeps/x86/cpu-features.c
fn=get_common_indices.constprop.0
398 3
402 4
405 5
409 1
410 4
411 4
412 4
413 3
414 2
421 2
423 9
428 8
435 2
436 7
442 2
457 3
fn=init_cpu_features.constprop.0
376 3
377 2
378 6
383 2
384 6
389 2
390 7
682 8
685 1
686 1
687 1
690 1
699 3
702 6
703 1
706 2
708 6
713 1
715 3
717 9
721 7
774 3
781 2
799 1
832 2
866 4
869 2
870 1
878 2
885 2
887 2
891 2
897 2
899 1
1001 3
1002 2
1005 2
1006 2
1012 1
1013 1
1014 1
1015 2
1019 4
1022 4
1028 3
1041 2
1042 4
1081 1
1082 2
1086 3
1103 2
1104 2
1106 3
1107 2
1109 3
1110 2
1113 2
1127 4
1129 4
1135 4
1142 8
fn=update_active.constprop.0
72 8
76 1
84 3
85 3
86 1
94 4
95 1
103 4
104 1
109 4
112 4
113 1
116 5
117 2
121 5
122 3
123 3
124 2
128 5
129 5
130 3
132 2
133 4
147 2
151 7
152 4
154 3
158 4
161 1
164 2
166 2
170 1
171 1
178 4
180 5
186 4
188 5
190 4
195 5
244 3
245 3
261 4
277 2
281 2
282 1
285 4
289 2
293 3
294 2
296 1
297 1
300 2
302 1
305 2
356 5
360 3
369 1
370 8
fl=./elf/../sysdeps/x86/dl-cacheinfo.h
fn=get_common_cache_info.constprop.0
571 11
586 1
587 1
588 2
589 1
590 2
596 3
598 7
601 2
613 1
618 3
622 2
627 5
630 24
637 8
640 26
645 2
649 3
650 2
654 2
658 3
661 4
662 1
667 4
673 4
681 6
683 2
685 4
687 12
689 1
690 1
691 9
693 4
696 7
701 1
703 4
704 3
705 1
708 2
711 2
718 1
720 4
721 1
726 2
731 2
732 1
733 2
734 1
759 3
770 5
771 5
775 2
782 1
783 2
784 1
785 7
fn=handle_intel.constprop.0
250 108
255 24
261 12
262 12
267 48
271 24
276 24
279 60
281 24
284 60
286 24
305 96
fn=init_cpu_features.constprop.0
792 1
793 1
795 1
809 2
811 3
812 3
813 3
814 2
817 3
819 3
820 2
822 3
824 3
825 1
827 3
829 3
830 2
832 3
834 3
836 3
838 5
894 2
895 2
896 2
897 2
898 2
899 2
900 1
901 1
902 1
903 1
904 1
905 1
907 1
910 3
924 3
925 7
930 2
931 6
932 2
939 3
959 6
968 2
969 2
974 12
987 5
995 7
997 2
1000 5
1002 2
1005 5
1006 5
1010 6
1011 3
1017 7
1020 11
1021 10
1022 13
1025 10
1027 10
1040 4
1042 2
1043 2
1044 1
1045 1
1046 1
1047 1
fn=intel_check_word.constprop.0
110 648
113 324
119 216
123 48
125 12
129 120
131 144
133 60
135 120
143 120
152 12
155 138
158 99
162 58
164 189
167 120
168 72
169 60
170 48
172 11
174 22
176 12
177 16
178 12
179 20
180 14
181 12
183 8
184 12
187 21
190 2
194 192
202 168
216 48
246 144
fl=./elf/../sysdeps/x86/dl-get-cpu-features.c
fn=__x86_cpu_features
39 3
71 3
fn=_dl_x86_init_cpu_features
37 1
39 3
41 1
fl=./elf/../sysdeps/x86/dl-isa-level.h
fn=_dl_load_cache_lookup
28 6
fl=./elf/../sysdeps/x86/dl-procinfo.h
fn=_dl_load_cache_lookup
39 2
42 7
fl=./elf/../sysdeps/x86/dl-prop.h
fn=_dl_map_object_from_fd
149 8
fn=_dl_process_pt_gnu_property
95 16
102 8
115 8
118 4
252 4
253 2
254 4
255 2
257 16
258 1
260 4
fn=dl_main
36 2
37 15
40 7
49 22
53 18
71 2
149 4
235 4
236 2
fl=./elf/../sysdeps/x86/get-isa-level.h
fn=_dl_hwcaps_subdirs_active
30 4
31 1
32 3
36 3
39 4
40 4
45 4
48 2
51 5
53 4
54 2
55 2
58 4
fn=update_active.constprop.0
28 1
30 4
31 1
32 3
36 3
38 1
39 2
40 4
45 4
47 1
48 2
51 5
53 4
54 2
55 2
57 1
58 4
fl=./elf/../sysdeps/x86_64/dl-cet.c
fn=_dl_cet_check
275 2
276 1
277 2
282 4
283 3
285 2
293 5
361 8
363 6
fn=_dl_cet_setup_features
331 1
334 2
350 1
fl=./elf/../sysdeps/x86_64/dl-hwcaps-subdirs.c
fn=_dl_hwcaps_subdirs_active
29 1
38 3
43 1
48 1
52 1
fl=./elf/../sysdeps/x86_64/dl-machine.h
fn=_dl_relocate_object
81 16
267 272
274 272
278 272
287 1367
290 290
291 94
292 516
317 816
320 37
323 37
393 20
400 48
402 64
406 48
415 32
423 240
436 7
460 3
464 4
465 4
466 5
467 2
476 94
478 47
479 47
498 18
499 6
503 12
504 12
730 8
734 6
fn=_dl_start
55 1
278 9
287 27
290 6
291 12
317 8
323 2
fn=_dl_sysdep_start
220 1
fl=./elf/./dl-find_object.h
fn=_dl_find_object_from_map
95 8
96 8
97 4
103 20
104 119
105 82
107 12
112 4
fl=./elf/./dl-hwcaps.h
fn=_dl_important_hwcaps
43 9
45 7
46 1
77 8
78 8
79 7
fl=./elf/./dl-load.h
fn=_dl_map_object_from_fd
91 16
92 4
93 5
94 4
96 4
fl=./elf/./dl-main.h
fn=dl_main
109 5
fl=./elf/./dl-map-segments.h
fn=_dl_map_object_from_fd
28 6
29 18
81 2
101 2
102 6
105 6
106 4
108 4
125 2
135 48
137 24
139 60
149 32
155 4
156 2
157 6
158 4
160 4
165 4
168 6
176 14
182 4
186 8
189 2
194 8
fl=./elf/./dl-sym-post.h
fn=lookup_malloc_symbol
41 8
53 12
fl=./elf/./dl-tunable-types.h
fn=__GI___tunable_set_val
84 5
fl=./elf/./elf/dl-audit.c
fn=_dl_audit_activity_map
29 7
30 1
31 3
37 6
fn=_dl_audit_activity_nsid
41 3
45 12
46 3
47 15
fn=_dl_audit_objclose
97 4
98 16
fn=_dl_audit_objopen
77 2
78 8
fn=_dl_audit_preinit
118 1
119 4
fl=./elf/./elf/dl-cache.c
fn=_dl_cache_libcmp
357 20
358 110
360 147
362 51
368 4
369 3
370 43
372 43
374 2
380 96
382 96
383 27
386 39
387 39
390 13
fn=_dl_load_cache_lookup
191 18
205 1
208 8
210 10
211 2
213 5
220 21
222 55
223 18
227 27
231 27
232 18
240 4
242 2
245 2
247 6
249 1
259 2
269 3
270 4
286 7
295 2
298 2
301 1
302 3
330 2
346 8
347 6
349 2
403 10
405 2
408 3
411 5
419 5
420 8
423 6
424 1
431 1
432 2
482 3
485 3
500 2
512 3
513 15
514 4
515 1
516 8
fn=_dl_unload_cache
525 3
526 4
528 2
529 1
533 1
535 2
fl=./elf/./elf/dl-call-libc-early-init.c
fn=_dl_call_libc_early_init
27 7
29 2
33 5
37 2
39 4
40 2
41 3
fl=./elf/./elf/dl-call_fini.c
fn=_dl_call_fini
24 32
28 8
32 4
34 4
35 8
38 4
39 6
42 16
43 2
47 4
48 8
49 6
50 22
fl=./elf/./elf/dl-catch.c
fn=_dl_catch_error
254 12
256 2
257 2
258 2
259 2
261 6
fn=_dl_catch_exception
58 9
59 6
69 6
70 15
204 24
207 6
214 3
228 3
229 6
235 18
237 9
239 12
248 9
fn=_dl_receive_error
58 2
59 1
69 2
70 2
186 7
188 1
192 1
194 1
197 1
198 4
fl=./elf/./elf/dl-debug.c
fn=_dl_debug_initialize
56 3
57 1
59 2
61 2
63 3
64 1
85 3
90 3
91 2
92 1
95 3
96 6
99 2
107 2
fn=_dl_debug_state
116 2
117 2
fn=_dl_debug_update
38 3
40 6
41 3
44 6
48 3
fl=./elf/./elf/dl-deps.c
fn=_dl_map_object_deps
128 3
129 5
130 6
132 3
136 8
143 13
144 20
160 9
161 1
164 1
182 1
183 6
184 1
188 9
190 12
193 4
197 12
198 25
201 8
205 4
208 16
210 8
215 2
216 2
217 4
218 4
219 2
221 238
222 112
228 23
230 2
232 8
233 4
242 2
244 4
249 14
252 2
253 2
254 2
255 4
256 2
257 2
259 8
263 6
264 3
266 162
417 8
419 10
422 4
423 8
429 2
430 10
431 10
434 2
435 4
439 12
441 4
442 17
448 5
449 1
452 4
463 5
465 4
470 5
471 1
472 2
474 16
478 4
483 8
485 12
490 4
494 2
495 3
532 2
533 2
547 9
552 9
553 5
557 1
559 2
560 1
561 3
568 3
571 2
574 8
fn=openaux
61 12
64 22
65 2
68 2
69 6
fl=./elf/./elf/dl-environ.c
fn=_dl_next_ld_env_entry
28 3
29 3
32 115
34 74
35 18
37 2
40 4
42 2
45 35
fl=./elf/./elf/dl-find_object.c
fn=_dl_find_object_init
561 5
564 1
566 2
567 3
579 2
580 3
582 2
585 2
590 1
591 1
594 3
596 2
599 6
601 1
604 4
fn=_dlfo_process_initial
474 8
475 2
477 2
478 4
504 24
505 22
506 8
508 28
511 24
513 18
515 6
516 6
517 12
529 2
531 8
fn=_dlfo_sort_mappings
536 1
537 2
540 12
544 4
545 19
546 15
548 2
549 2
553 8
554 10
555 4
557 1
fl=./elf/./elf/dl-fini.c
fn=_dl_fini
26 11
43 1
46 13
49 2
51 1
54 2
56 5
61 1
63 4
68 18
73 16
75 8
77 8
79 8
80 4
81 4
85 4
87 6
88 6
94 6
103 2
108 26
110 4
112 8
114 16
117 8
122 4
126 5
132 6
134 1
138 2
145 8
fl=./elf/./elf/dl-hwcaps.c
fn=_dl_important_hwcaps
52 16
54 2
55 4
56 2
57 2
77 16
80 16
84 2
86 6
87 2
88 2
100 5
102 3
105 1
108 1
112 5
125 12
127 10
128 4
129 4
130 2
133 3
142 13
143 11
145 8
151 5
155 4
156 3
157 3
161 1
162 2
163 2
172 14
174 2
175 3
185 2
186 3
189 3
193 2
194 2
201 1
202 5
208 2
209 1
213 3
216 9
fl=./elf/./elf/dl-hwcaps_split.c
fn=_dl_hwcaps_split
25 5
26 3
27 1
47 4
fn=_dl_hwcaps_split_masked
26 44
30 24
34 78
35 12
36 24
41 36
42 18
43 12
45 6
51 110
55 5
56 18
57 27
58 24
60 6
62 88
67 12
fl=./elf/./elf/dl-init.c
fn=_dl_init
29 10
35 25
37 26
81 13
82 1
83 1
86 3
89 2
94 4
119 1
120 20
121 8
127 8
fn=call_init.part.0
26 48
43 12
46 12
47 2
51 6
59 9
60 6
63 3
64 6
70 6
72 4
73 22
74 12
76 32
fl=./elf/./elf/dl-load.c
fn=_dl_dst_count
238 18
241 4
244 4
245 2
264 18
fn=_dl_init_paths
706 13
720 4
725 1
727 3
734 3
735 2
739 4
741 4
747 1
748 1
756 8
758 8
759 4
761 5
762 7
763 4
766 13
767 10
768 18
770 32
776 1
777 1
782 1
785 3
787 4
789 3
806 1
808 3
822 2
825 5
827 23
831 2
832 60
833 14
834 28
836 1
837 1
838 2
844 6
847 3
853 1
857 8
fn=_dl_map_object
682 10
696 5
1967 36
1969 2
1975 6
1976 12
1979 51
1984 49
1986 35
1990 12
1991 18
1994 10
1995 6
1996 10
2010 8
2011 6
2019 6
2034 2
2036 10
2040 4
2042 2
2049 4
2053 1
2054 1
2058 3
2059 1
2073 5
2074 7
2075 1
2084 2
2099 2
2100 16
2106 3
2107 1
2115 1
2129 2
2131 3
2135 3
2137 2
2141 2
2149 2
2172 9
2176 3
2177 1
2194 2
2200 1
2201 4
2202 2
2203 2
2207 9
2210 3
2222 8
2267 4
2268 34
2270 29
fn=_dl_map_object_from_fd
944 28
959 8
989 29
990 10
1008 4
1036 8
1046 4
1053 16
1054 4
1065 4
1066 6
1067 4
1069 6
1070 8
1071 2
1074 17
1075 6
1086 2
1088 2
1090 44
1091 2
1092 2
1093 2
1094 2
1100 87
1101 213
1107 4
1114 5
1115 6
1116 20
1121 2
1122 1
1127 62
1135 40
1136 52
1137 40
1138 8
1139 16
1141 56
1143 16
1156 16
1157 30
1162 8
1163 82
1176 3
1180 4
1181 1
1185 5
1186 2
1189 1
1194 4
1209 4
1210 2
1213 6
1218 14
1228 38
1229 16
1235 4
1245 8
1252 14
1264 2
1268 8
1269 6
1275 4
1276 4
1278 4
1288 6
1307 6
1309 12
1361 6
1362 2
1368 70
1369 117
1375 33
1380 8
1393 4
1395 8
1397 4
1413 4
1417 4
1418 4
1435 4
1436 1
1439 4
1444 4
1449 4
1461 16
1462 6
1463 9
1464 3
1465 5
1471 4
1472 4
1477 2
1484 6
1487 4
1491 6
1492 6
1510 4
1514 14
1515 8
1519 18
fn=_dl_process_pt_gnu_property
868 9
869 6
870 3
876 6
882 15
885 9
886 6
887 6
890 9
891 9
895 3
896 6
900 8
901 4
904 8
907 4
908 16
918 6
920 8
fn=expand_dynamic_string_token
241 6
244 4
385 20
399 4
410 14
fn=fillin_rpath.isra.0
468 17
472 1
474 12
481 2
483 6
487 2
492 3
493 2
500 5
505 2
509 15
510 8
528 4
532 4
534 2
538 1
539 2
540 4
541 1
543 2
549 4
550 14
551 4
553 2
554 3
555 1
561 2
562 1
565 3
571 1
574 8
fn=open_path
1812 11
1813 2
1816 1
1817 1
1819 2
1822 2
1824 22
1827 2
1831 1
1835 6
1842 6
1843 22
1846 6
1851 33
1854 6
1860 9
1863 24
1865 9
1867 6
1872 6
1873 21
1879 9
1881 20
1882 2
1884 3
1891 14
1893 4
1937 8
1941 1
1943 4
1946 3
1960 9
fn=open_verify.constprop.0
1572 60
1604 15
1609 6
1623 25
1625 10
1633 2
1634 6
1639 12
1641 4
1643 4
1645 4
1651 4
1668 29
1749 4
1754 4
1760 8
1766 4
1772 8
1773 8
1777 16
1778 5
1799 45
fl=./elf/./elf/dl-lookup-direct.c
fn=_dl_lookup_direct
32 15
33 9
35 6
36 6
48 9
51 6
53 21
57 9
58 21
59 15
74 39
76 6
78 21
79 6
81 12
84 25
86 12
93 6
115 3
116 27
fl=./elf/./elf/dl-lookup.c
fn=_dl_lookup_symbol_x
772 1534
774 236
775 472
778 118
782 454
785 236
787 236
791 1687
792 2006
797 590
799 42
816 118
817 21
820 236
821 761
828 139
856 444
870 333
871 2
873 222
890 444
892 1062
fn=check_match
70 1695
73 904
78 4
86 555
89 522
93 111
94 222
96 218
115 218
116 872
117 545
144 4
146 12
147 8
161 111
162 904
fn=do_lookup_x
347 1652
348 118
353 118
354 118
358 760
361 760
365 1002
386 758
390 758
396 1137
400 379
401 379
404 1895
405 1137
408 379
409 758
411 379
412 354
413 758
415 826
416 1516
419 2653
422 226
423 339
424 226
426 226
429 1220
431 339
432 2825
433 226
436 339
439 403
461 888
470 16
476 222
483 840
487 36
499 222
500 111
501 111
518 807
521 7
522 944
fl=./elf/./elf/dl-minimal-malloc.c
fn=__minimal_calloc
80 40
84 8
87 8
88 24
fn=__minimal_free
97 1
99 4
fn=__minimal_malloc
36 192
37 72
42 3
43 2
44 2
48 95
51 160
56 8
57 8
59 2
60 16
62 4
64 8
65 6
67 6
70 24
71 26
73 144
fl=./elf/./elf/dl-minimal.c
fn=__rtld_malloc_init_real
76 10
86 2
87 1
89 1
91 6
92 5
93 5
94 4
99 1
100 1
101 1
102 1
103 8
fn=__rtld_malloc_init_stubs
42 1
43 2
44 2
45 2
46 2
47 1
fn=lookup_malloc_symbol
61 36
63 4
64 28
68 28
69 28
71 4
72 24
fn=strsep
239 2
242 4
244 2
245 4
247 2
249 47
251 28
254 56
256 84
264 14
267 1
271 4
fl=./elf/./elf/dl-misc.c
fn=_dl_name_match_p
68 98
69 56
70 3
72 14
74 58
75 90
80 15
82 11
83 56
fn=_dl_sysdep_read_whole_file
36 11
39 3
40 2
42 6
44 2
47 2
49 8
60 3
63 8
fl=./elf/./elf/dl-object.c
fn=_dl_add_to_namespace_list
31 27
33 9
35 26
38 20
40 2
42 2
45 2
46 9
47 6
48 6
50 6
51 15
fn=_dl_new_object
59 45
62 6
64 2
66 3
67 2
71 6
77 2
80 4
83 11
87 4
92 2
95 6
98 3
99 3
100 6
103 6
104 21
106 3
119 13
123 2
125 1
127 21
130 6
131 6
132 3
136 3
139 34
141 20
149 6
150 3
153 1
155 18
157 8
160 8
164 8
168 14
176 1
179 6
189 12
191 8
195 6
199 4
200 4
208 2
212 2
245 8
250 84
251 84
255 4
256 2
259 2
263 27
fl=./elf/./elf/dl-reloc.c
fn=_dl_relocate_object
170 732
171 242
174 1262
175 84
177 7
178 28
182 228
183 114
184 114
186 918
187 540
188 216
190 853
193 114
194 798
196 7
207 55
208 10
220 8
221 12
224 16
226 12
228 4
229 12
251 20
252 8
253 2
255 8
262 12
301 10034
304 20
328 4
331 8
348 12
350 40
356 24
359 8
363 8
364 24
fl=./elf/./elf/dl-setup_hash.c
fn=_dl_setup_hash
25 8
28 12
31 12
32 8
33 4
34 4
36 12
37 4
38 12
40 4
41 8
43 4
45 12
50 4
fl=./elf/./elf/dl-sort-maps.c
fn=_dl_sort_maps
140 40
181 2
182 4
183 34
184 16
211 34
216 4
218 2
219 10
221 26
223 8
226 24
244 8
263 8
276 8
283 2
298 26
306 6
310 18
fn=_dl_sort_maps_init
289 4
290 4
291 1
292 3
293 2
fn=dfs_traversal.part.0
135 72
140 20
143 8
145 24
147 60
156 28
171 24
172 8
173 48
fl=./elf/./elf/dl-tunables.c
fn=__GI___tunable_set_val
72 50
82 5
93 40
94 25
97 10
100 35
104 10
111 10
112 10
115 25
116 5
117 5
118 5
153 30
157 15
fn=__GI___tunables_init
42 190
45 37
48 3549
52 74
56 148
128 1
261 10
267 4
281 6068
283 2
287 10989
304 8
fn=__tunable_get_val
387 74
390 438
399 49
400 15
409 28
416 222
418 37
fl=./elf/./elf/dl-tunables.h
fn=__GI___tunable_set_val
141 10
142 10
151 5
fn=__GI___tunables_init
160 734
161 1741
fl=./elf/./elf/dl-version.c
fn=_dl_check_all_versions
392 7
394 1
396 17
397 4
398 36
401 7
fn=_dl_check_map_versions
36 26
37 5
38 37
56 32
64 24
70 24
86 8
87 16
89 8
94 236
108 196
110 8
113 64
120 270
124 90
155 40
156 4
164 6
170 12
172 20
174 4
175 4
177 8
180 6
184 16
200 6
208 6
213 6
215 6
217 32
218 73
221 16
224 24
228 4
231 32
234 24
239 6
243 6
257 15
260 4
263 198
266 148
270 46
274 9
279 3
280 12
281 9
291 3
294 17
296 6
299 8
303 6
306 24
308 32
310 40
311 16
312 24
313 24
316 24
321 6
324 6
334 6
337 4
341 46
343 96
347 46
348 230
349 138
350 46
353 144
357 46
365 4
366 4
367 4
368 2
370 4
372 124
373 60
375 2
376 7
387 36
fl=./elf/./elf/do-rel.h
fn=_dl_relocate_object
49 24
50 24
51 4
53 40
72 3
73 4
80 24
114 24
123 36
124 12
126 24
129 24
131 738
133 885
134 708
135 531
136 708
138 531
141 188
142 47
143 47
147 130
150 406
151 111
164 12
165 211
166 189
169 141
171 188
172 47
173 94
180 31
182 42
183 12
185 18
193 6
196 18
211 7
fn=_dl_start
49 6
50 4
51 1
53 10
56 4
61 13
63 9
64 6
65 3
fl=./elf/./elf/get-dynamic-info.h
fn=_dl_map_object_from_fd
39 4
43 2
45 194
49 94
51 26
52 13
53 3
54 42
55 34
56 10
59 8
62 8
64 8
68 47
72 8
84 7
85 8
86 8
87 8
88 7
89 7
90 7
91 8
103 16
110 7
115 2
122 2
123 6
129 6
130 3
147 6
152 2
154 2
156 2
158 2
159 2
162 6
164 6
165 4
174 4
175 6
180 4
181 3
184 4
fl=./elf/./elf/libc_early_init.c
fn=__libc_early_init
33 9
35 1
38 2
41 2
47 4
49 2
fl=./elf/./elf/rtld.c
fn=_dl_start
85 8
458 2
476 3
477 1
478 2
488 1
494 4
496 2
517 16
543 1
546 2
547 4
563 190
565 1
578 1
585 9
fn=dl_main
85 17
92 12
93 2
101 9
197 2
199 1
224 3
225 5
226 4
296 3
302 1
303 1
837 1
839 1
848 1
850 1
855 1
1115 1
1116 1
1118 1
1122 3
1124 1
1125 1
1140 1
1143 46
1144 117
1148 3
1153 3
1154 9
1163 2
1164 2
1166 1
1173 3
1191 2
1199 8
1200 17
1201 8
1202 1
1204 12
1205 14
1209 8
1210 8
1211 4
1215 12
1243 2
1247 3
1253 28
1254 61
1260 17
1266 4
1269 3
1271 3
1346 13
1351 1
1352 1
1357 1
1373 3
1374 4
1637 10
1639 2
1640 3
1641 2
1642 3
1646 2
1647 2
1672 3
1673 5
1674 3
1675 3
1678 1
1680 1
1681 1
1683 2
1684 2
1688 2
1690 2
1698 4
1705 2
1708 2
1733 4
1735 1
1740 2
1743 4
1744 4
1745 3
1746 1
1747 1
1748 1
1759 2
1760 2
1762 2
1764 1
1765 3
1770 5
1771 5
1773 3
1779 2
1788 2
1792 1
1793 2
1817 2
1823 1
1824 1
1825 1
1829 3
1834 3
1836 1
1838 2
1842 5
1847 2
1863 6
1939 4
1943 19
1944 1
1947 3
1948 1
1949 2
1950 2
1955 3
1965 9
1971 19
1972 12
1975 3
1976 2
1977 1
1979 14
1980 6
1984 2
1990 1
1992 3
1993 2
1995 2
1997 3
1999 3
2000 1
2001 2
2013 2
2014 2
2015 3
2026 5
2027 4
2028 5
2038 2
2039 2
2040 4
2042 2
2047 3
2246 3
2250 3
2256 2
2259 2
2267 2
2279 3
2282 3
2284 3
2285 6
2292 2
2293 21
2295 8
2300 8
2302 10
2304 1
2305 1
2308 4
2310 8
2311 24
2315 10
2316 3
2325 2
2329 4
2331 1
2338 4
2341 2
2345 3
2347 2
2357 1
2362 3
2365 1
2371 1
2372 5
2380 3
2387 1
2390 3
2394 3
2395 1
2396 1
2397 1
2401 1
2406 8
2538 1
2598 1
2600 2
2602 15
2604 2
2606 107
2607 19
2615 13
2640 2
2650 4
2652 2
2653 1
2687 5
2689 2
2690 2
2691 1
2727 5
2749 3
fn=handle_preload_list
183 3
806 1
810 2
811 2
812 1
814 1
816 6
817 3
825 3
869 13
870 3
874 5
877 4
878 3
880 4
881 2
887 1
889 2
891 2
892 1
895 9
fn=init_tls
734 4
736 2
740 3
746 2
749 1
750 1
751 1
755 1
757 1
761 2
762 2
763 12
764 4
765 8
769 3
771 1
773 3
776 2
779 1
786 2
787 2
793 2
797 1
800 5
fn=map_doit
641 6
643 4
644 6
646 3
fn=version_check_doit
674 6
676 6
680 3
fl=./elf/./get-dynamic-info.h
fn=_dl_start
45 75
49 36
51 10
52 5
54 20
55 16
56 5
59 4
62 4
64 4
68 18
72 3
84 4
85 3
86 4
87 4
88 5
89 3
90 4
91 4
103 10
110 3
123 3
129 3
130 3
133 2
134 3
139 5
142 5
fn=dl_main
39 4
43 1
45 107
49 52
51 12
52 6
54 25
55 21
56 5
59 4
62 4
64 4
68 26
72 7
84 3
85 5
86 5
87 5
88 4
89 5
90 5
91 5
103 9
110 3
115 2
122 3
123 4
129 3
147 4
152 2
154 2
156 2
158 2
159 2
162 4
164 3
165 2
174 2
175 3
180 2
181 3
184 3
fl=./elf/./setup-vdso.h
fn=dl_main
24 2
fl=./io/../sysdeps/unix/sysv/linux/access.c
fn=access
25 1
27 7
31 1
fl=./io/../sysdeps/unix/sysv/linux/close.c
fn=close
26 1
27 6
28 1
fl=./io/../sysdeps/unix/sysv/linux/close_nocancel.c
fn=__GI___close_nocancel
25 3
26 12
27 3
fl=./io/../sysdeps/unix/sysv/linux/fstat64.c
fn=fstat
30 4
39 16
72 4
fl=./io/../sysdeps/unix/sysv/linux/fstatat64.c
fn=fstatat
91 6
146 6
160 4
161 11
162 1
fl=./io/../sysdeps/unix/sysv/linux/open64.c
fn=open
30 12
33 7
41 9
43 8
fl=./io/../sysdeps/unix/sysv/linux/open64_nocancel.c
fn=__open_nocancel
28 24
31 42
39 51
41 12
fl=./io/../sysdeps/unix/sysv/linux/pread64_nocancel.c
fn=__pread64_nocancel
25 4
26 8
27 2
fl=./io/../sysdeps/unix/sysv/linux/read.c
fn=read
25 1
26 6
27 1
fl=./io/../sysdeps/unix/sysv/linux/read_nocancel.c
fn=__read_nocancel
25 2
26 8
27 2
fl=./io/../sysdeps/unix/sysv/linux/stat64.c
fn=stat
28 6
29 12
fl=./libio/./libio/genops.c
fn=_IO_cleanup
776 6
777 10
780 13
784 3
785 36
792 7
794 6
814 3
816 29
817 3
821 7
822 2
842 12
843 2
855 12
fn=_IO_flush_all
686 12
687 3
691 6
692 9
695 12
697 3
698 36
700 21
708 33
709 3
713 7
714 2
718 12
fl=./libio/./libio/libioP.h
fn=_IO_cleanup
1025 1
fn=_IO_flush_all
1025 2
fl=./libio/./libio/vtables.c
fn=check_stdfiles_vtables
545 1
546 4
547 3
548 3
550 1
fl=./malloc/../string/bits/string_fortified.h
fn=_int_realloc
29 10488
fn=calloc
59 12026
fn=tcache_init.part.0
59 88
fl=./malloc/../sysdeps/unix/sysv/linux/not-cancel.h
fn=ptmalloc_init.part.0
97 6
fl=./malloc/./malloc/arena.c
fn=calloc
153 16030
264 2
fn=free
153 12024
fn=ptmalloc_init.part.0
262 8
267 1
292 2
296 3
300 4
301 4
302 4
303 4
304 4
305 4
306 4
308 4
309 4
310 4
313 4
314 4
316 2
326 8
fn=realloc
153 36897
fl=./malloc/./malloc/malloc.c
fn=_int_free
1792 9224
3163 56
3165 112
3166 28
3167 56
4495 64764
4499 27756
4505 37008
4506 18504
4510 46260
4517 18504
4518 55512
4521 9246
4527 27738
4547 46230
4550 28
4561 18448
4637 18448
4640 18448
4643 18448
4646 18448
4658 46288
fn=_int_free_maybe_consolidate
4770 101464
4776 18448
4778 172
4781 129
4784 215
4785 120
4798 101368
fn=_int_free_merge_chunk
1992 27672
4665 73792
4666 9224
4670 55344
4673 36896
4675 27672
4678 27672
4681 18448
4682 18448
4683 18448
4689 18448
4691 1996
4692 1996
4693 1996
4694 7984
4696 3992
4701 27672
4702 64568
4714 18448
4720 18438
4721 3842
4722 3842
4724 7298
4732 9219
4733 36876
4734 18438
4736 9219
4738 18438
4740 5862
4743 9219
4744 9219
4746 27657
4747 9219
4756 5
4757 15
4758 10
fn=_int_malloc
1326 26524
1345 79572
1794 13262
1985 3765
2008 92
2017 2
2552 144
2553 22
2564 48
2565 6
2568 8
2576 12
2577 4
2589 88
2590 44
2599 256
2605 63
2608 66
2669 66
2677 44
2678 66
2691 66
2693 22
2699 110
2707 44
2709 88
2710 66
2711 22
2712 22
2715 44
2744 150
2745 1
2746 44
2752 176
2753 126
2755 4
2782 2
2783 1
2795 3
2814 2
2817 2
2818 6
2820 1
2821 6
2833 5
2873 1
2875 1
2876 5
2877 1
2888 3
2921 66
2922 22
2926 22
2930 110
2932 22
2933 22
2934 22
2935 154
2936 44
2938 22
3846 145882
3882 1
3887 26524
3914 26524
3916 16028
3919 4007
3921 8014
3930 12021
3977 18510
3979 63496
3980 26508
3982 39762
3984 858
3985 1716
3987 858
3988 858
3989 858
3991 2574
3997 1716
3998 5148
4003 4290
4004 1716
4020 858
4039 94
4040 24
4058 37210
4059 37212
4060 37212
4069 8736
4070 85859
4072 5224
4073 10448
4074 5224
4076 10448
4077 15672
4079 5224
4080 20896
4082 20896
4084 10448
4085 10448
4087 10448
4098 20896
4099 8578
4121 360
4127 5224
4128 5224
4132 10448
4134 720
4135 1080
4140 720
4141 2520
4161 9728
4163 9728
4164 19456
4165 4864
4221 34048
4222 4864
4223 4864
4224 4864
4225 4864
4230 9728
4231 9728
4240 19456
4246 8016
4257 36132
4259 32
4262 24
4263 12044
4330 12044
4331 24088
4332 24088
4333 24088
4334 72264
4339 48275
4343 128992
4346 137936
4353 186
4355 22
4357 44
4361 71
4364 142
4366 170
4367 34
4368 34
4373 148
4376 74
4378 111
4381 111
4384 148
4386 36
4387 108
4394 1
4399 4
4400 2
4403 1
4404 1
4405 1
4408 2
4409 1
4410 2
4415 8
4417 3
4418 1
4421 37
4443 12007
4444 24014
4446 24014
4449 36021
4451 11983
4452 23966
4453 11983
4454 95864
4456 23966
4459 23966
4460 36021
4461 12007
4466 96
4482 26
4487 159144
fn=_int_realloc
4914 42168
4925 21084
4926 26355
4927 21084
4933 10542
4935 10542
4936 15813
4938 21084
4941 10542
4951 10542
4955 108
4963 10542
4964 10542
4965 5325
4969 81
4975 26220
4976 10488
4979 5244
4980 5244
4985 15732
4992 5244
4993 36708
4997 20976
4999 5244
5008 54
5010 54
5012 135
5013 81
5029 27
5030 47439
fn=alloc_perturb
1985 36021
1987 12007
fn=calloc
3248 5
3699 72153
3709 72153
3717 16034
3720 24051
3722 16034
3732 8017
3733 24051
3754 24051
3756 80162
3759 24049
3768 6
3784 8015
3789 6
3796 24045
3799 40075
3807 8015
3809 16030
3811 16030
3816 8014
3818 4007
3819 8014
3821 4007
3823 8014
3825 4000
3827 8000
3829 8000
3837 60128
fn=free
3359 28070
3363 8020
3371 8020
3373 4010
3375 12030
3379 6
3381 8
3383 2
3384 2
3385 1
3388 4
3392 12024
3398 12024
3401 4010
3402 24060
fn=munmap_chunk
3024 4
3025 4
3026 6
3028 4
3030 2
3031 6
3032 2
3038 8
3039 10
3042 2
3043 6
3048 4
3049 2
fn=ptmalloc_init.part.0
1946 385
1949 381
1957 1
1958 1
1960 1
3143 2
fn=realloc
1326 10542
1345 31626
3407 57981
3413 10542
3417 10542
3424 10542
3433 5271
3441 10542
3443 5271
3444 10542
3456 15813
3464 21084
3465 10542
3475 10542
3506 10542
3508 36897
3509 36897
3538 47439
5241 15813
5242 15813
5243 10542
5244 5271
fn=sysmalloc_mmap.isra.0
2008 8
2400 12
2413 6
2418 4
2421 20
2424 4
2428 4
2432 8
2448 6
2466 2
2467 6
2471 6
2472 10
2475 6
2476 10
2481 14
fn=systrim.constprop.0
2957 144
2966 72
2968 24
2969 48
2970 21
2974 72
2975 24
2978 120
2980 48
2987 9
2988 12
3000 9
3001 6
3003 3
3005 6
3009 6
3012 3
3013 12
3015 6
3020 144
fn=tcache_init.part.0
3242 4
3251 8
3252 3
3253 2
3261 4
3270 2
3274 3
fn=unlink_chunk.isra.0
1608 7962
1610 19905
1613 7962
1614 7962
1616 15924
1619 3981
1620 3981
1621 13758
1645 7962
fl=./malloc/./malloc/morecore.c
fn=__glibc_morecore
25 96
26 64
29 32
30 64
34 64
fl=./malloc/./malloc/scratch_buffer_set_array_size.c
fn=__libc_scratch_buffer_set_array_size
30 26
34 2
35 4
45 4
46 2
63 12
fl=./misc/../sysdeps/unix/syscall-template.S
fn=mprotect
117 20
122 4
fn=munmap
117 15
122 3
fl=./misc/../sysdeps/unix/sysv/linux/brk.c
fn=brk
36 26
37 52
38 52
44 26
45 26
fl=./misc/../sysdeps/unix/sysv/linux/brk_call.h
fn=brk
24 52
fl=./misc/../sysdeps/unix/sysv/linux/mmap64.c
fn=mmap
47 98
50 28
53 67
58 84
60 56
fl=./misc/../sysdeps/unix/sysv/linux/setvmaname.c
fn=__set_vma_name
33 25
35 17
40 14
47 2
48 1
49 27
fl=./misc/./misc/init-misc.c
fn=__init_misc
30 5
31 6
33 3
37 5
38 3
40 4
fl=./misc/./misc/sbrk.c
fn=sbrk
37 256
40 64
43 64
58 64
59 4
62 64
63 2
66 100
68 6
74 75
78 224
fl=./nptl/../sysdeps/unix/sysv/linux/x86/elision-conf.c
fn=__lll_elision_init
92 8
96 5
98 4
100 4
102 4
104 4
107 3
108 1
109 6
fl=./nptl/./nptl/libc-cleanup.c
fn=__libc_cleanup_pop_restore
54 2
55 2
57 4
59 2
60 6
71 2
fn=__libc_cleanup_push_defer
24 2
25 2
27 4
29 4
32 4
46 6
48 2
49 2
fl=./nptl/./nptl/pthread_mutex_conf.c
fn=__pthread_tunables_init
55 8
56 5
58 4
60 4
62 6
fl=./nptl/./nptl/pthread_mutex_lock.c
fn=pthread_mutex_lock@@GLIBC_2.2.5
44 1
45 7
46 1
77 5
80 3
82 1
84 2
88 2
97 2
108 4
112 1
115 2
124 1
130 3
131 2
179 1
182 1
184 1
187 1
190 3
fl=./nptl/./nptl/pthread_mutex_unlock.c
fn=pthread_mutex_unlock@@GLIBC_2.2.5
39 1
40 4
41 1
51 3
52 2
57 2
62 1
65 1
70 1
72 1
74 2
80 4
84 3
87 2
367 4
369 2
fl=./posix/../malloc/dynarray-skeleton.c
fn=__unregister_atfork
243 2
fl=./posix/../sysdeps/unix/sysv/linux/_exit.c
fn=_Exit
27 2
30 4
fl=./posix/./posix/register-atfork.c
fn=__unregister_atfork
71 4
82 12
83 8
109 8
110 6
fl=./resource/../sysdeps/unix/sysv/linux/getrlimit64.c
fn=getrlimit
38 2
39 7
40 1
fl=./setjmp/../sysdeps/x86_64/bsd-_setjmp.S
fn=_setjmp
28 1
30 1
32 1
fl=./setjmp/../sysdeps/x86_64/setjmp.S
fn=__sigsetjmp
31 4
33 4
42 4
43 8
44 4
48 4
49 4
50 4
51 4
52 4
54 8
56 4
57 4
58 4
60 8
62 4
67 1
68 1
70 3
73 3
74 3
81 3
82 3
85 1
fl=./setjmp/./setjmp/sigjmp.c
fn=__sigjmp_save
28 6
29 1
30 2
34 4
fl=./src/findWordInList.asm
fn=???
21 580102523
23 580102523
24 580102523
26 580102523
27 580102523
29 1740295566
32 922901038
33 922901038
35 922901038
36 922901038
39 342826484
40 342826484
41 342826484
44 27969
45 27969
49 580074554
50 580074554
53 3118826257
54 3118826257
55 3118826257
57 3118826257
58 3118826257
60 2538751703
61 2538751703
62 2538751703
65 580074554
66 580074554
fl=./stdlib/./stdlib/cxa_atexit.c
fn=__cxa_atexit
41 2
43 8
44 2
46 2
52 3
53 1
54 1
55 1
56 1
57 4
58 1
67 7
69 6
fn=__new_exitfn
80 5
81 1
86 2
91 10
93 4
101 1
122 1
123 1
134 1
136 1
137 1
141 5
fl=./stdlib/./stdlib/cxa_finalize.c
fn=__cxa_finalize
30 20
33 14
36 14
40 14
93 14
97 12
105 4
106 8
107 16
fl=./stdlib/./stdlib/cxa_thread_atexit_impl.c
fn=__call_tls_dtors
148 5
149 4
165 4
fl=./stdlib/./stdlib/exit.c
fn=__run_exit_handlers
38 12
40 2
41 2
43 5
54 2
56 2
60 1
64 6
66 2
67 1
69 7
94 2
101 1
102 1
103 1
104 3
107 4
108 3
109 4
113 3
119 3
120 2
126 4
128 2
129 2
131 2
fn=exit
137 3
138 4
fl=./stdlib/./stdlib/rand.c
fn=rand
26 1738566
27 579522
28 1159044
fl=./stdlib/./stdlib/random.c
fn=random
288 4056654
291 1738566
293 1738566
295 2318088
297 579522
298 2897610
fl=./stdlib/./stdlib/random_r.c
fn=random_r
354 579522
357 2318088
360 579522
362 1738566
370 579522
371 579522
372 579522
375 1738566
377 1159044
378 1140350
379 1159044
382 579522
387 1121656
388 37388
390 579522
391 579522
393 579522
398 579522
fl=./string/../include/rtld-malloc.h
fn=strdup
56 6
fl=./string/../string/strcspn.c
fn=strcspn
32 6
33 3
34 2
39 6
40 4
41 4
42 4
44 1
47 9
48 6
51 4
52 4
53 4
54 4
56 3
61 13
62 26
63 26
64 26
65 13
67 78
69 1
70 4
71 3
fl=./string/../sysdeps/x86/cacheinfo.c
fn=__x86_cacheinfo
86 1
fl=./string/../sysdeps/x86/cacheinfo.h
fn=__x86_cacheinfo
59 1
62 3
64 3
65 1
71 3
73 3
74 1
78 2
80 2
81 2
82 2
84 2
86 2
fl=./string/../sysdeps/x86_64/multiarch/../multiarch/memcmp-sse2.S
fn=bcmp
59 1
71 1
72 1
94 1
95 1
140 1
141 1
143 1
144 1
146 1
147 1
149 1
150 1
197 1
198 1
199 1
200 1
201 1
202 1
fl=./string/../sysdeps/x86_64/multiarch/../multiarch/memset-vec-unaligned-erms.S
fn=memset
132 7
133 35
138 7
139 7
142 2
143 2
244 2
245 2
257 2
260 2
261 2
273 2
274 2
287 2
288 2
290 2
293 1
296 2
299 35
300 35
301 35
302 35
303 35
304 35
305 35
308 2
309 2
310 2
311 2
316 2
350 5
352 5
353 5
392 5
393 5
395 5
fl=./string/../sysdeps/x86_64/multiarch/../multiarch/strchr-sse2.S
fn=index
32 15
33 15
34 15
35 15
36 15
37 15
38 15
39 15
40 15
41 15
42 15
43 15
44 15
45 15
46 15
47 15
48 15
49 15
50 13
54 13
55 13
56 13
57 13
59 13
63 2
64 2
65 2
66 2
67 2
68 2
69 2
70 2
71 2
72 2
73 2
74 2
75 2
76 2
77 2
78 2
79 2
80 2
81 2
82 2
83 2
84 2
85 2
86 2
138 2
142 2
143 2
144 2
145 2
147 2
fl=./string/../sysdeps/x86_64/multiarch/../multiarch/strcmp-sse2.S
fn=strcmp
98 210
131 210
132 210
134 210
135 210
156 210
157 210
158 181
159 181
160 165
161 165
162 165
163 165
180 165
181 165
182 165
183 165
184 165
185 165
186 165
191 12
192 36
201 57
202 57
203 57
204 57
205 57
206 57
207 57
208 57
209 54
210 25
211 25
212 25
214 54
215 54
216 54
217 54
218 54
219 54
229 3
230 3
231 3
233 3
239 3
240 3
241 3
242 3
243 3
248 3
300 7
301 7
302 7
303 7
304 7
306 7
307 7
308 7
309 7
310 7
311 7
312 7
313 7
316 7
317 7
318 7
324 7
325 7
326 14
330 7
331 7
334 7
335 7
336 7
338 7
339 7
340 7
344 7
345 7
346 7
347 7
348 7
349 7
661 1
662 1
663 1
664 1
665 1
667 1
668 1
669 1
670 1
671 1
672 1
673 1
780 1
781 1
782 1
783 1
784 1
786 1
787 1
788 1
789 1
790 1
791 1
792 1
899 3
900 3
901 3
902 3
903 3
905 3
906 3
907 3
908 3
909 3
910 3
911 3
912 2
916 2
917 2
918 2
924 2
925 2
926 4
930 2
931 2
934 2
935 2
936 2
938 2
939 2
940 2
944 2
945 2
946 2
947 2
948 2
949 2
956 1
957 1
959 1
960 1
962 1
963 1
964 1
966 1
967 1
968 1
972 1
973 1
974 1
975 1
976 1
977 1
1018 3
1019 3
1020 3
1021 3
1022 3
1024 3
1025 3
1026 3
1027 3
1028 3
1029 3
1030 3
1031 3
1035 3
1036 3
1037 3
1043 3
1044 3
1045 6
1049 3
1050 3
1053 3
1054 3
1055 3
1057 3
1058 3
1059 3
1063 3
1064 3
1065 3
1066 3
1067 3
1068 3
1137 3
1138 3
1139 3
1140 3
1141 3
1143 3
1144 3
1145 3
1146 3
1147 3
1148 3
1149 3
1256 4
1257 4
1258 4
1259 4
1260 4
1262 4
1263 4
1264 4
1265 4
1266 4
1267 4
1268 4
1375 3
1376 3
1377 3
1378 3
1379 3
1381 3
1382 3
1383 3
1384 3
1385 3
1386 3
1387 3
1494 6
1495 6
1496 6
1497 6
1498 6
1500 6
1501 6
1502 6
1503 6
1504 6
1505 6
1506 6
1507 6
1511 6
1512 6
1513 6
1519 6
1520 6
1521 12
1525 6
1526 6
1529 6
1530 6
1531 6
1533 6
1534 6
1535 6
1539 6
1540 6
1541 6
1542 6
1543 6
1544 6
1613 3
1614 3
1615 3
1616 3
1617 3
1619 3
1620 3
1621 3
1622 3
1623 3
1624 3
1625 3
1626 3
1630 3
1631 3
1632 3
1638 3
1639 3
1640 6
1644 3
1645 3
1648 3
1649 3
1650 3
1652 3
1653 3
1654 3
1658 3
1659 3
1660 3
1661 3
1662 3
1663 3
1670 1
1671 1
1673 1
1674 1
1676 1
1677 1
1678 1
1680 1
1681 1
1682 1
1686 1
1687 1
1688 1
1689 1
1690 1
1691 1
1732 11
1733 11
1734 11
1735 11
1736 11
1738 11
1739 11
1740 11
1741 11
1742 11
1743 11
1744 11
1745 6
1749 6
1750 6
1751 6
1757 6
1758 6
1759 12
1763 6
1764 6
1767 6
1768 6
1769 6
1771 6
1772 6
1773 6
1777 6
1778 6
1779 6
1780 6
1781 6
1782 6
1789 1
1790 1
1792 1
1793 1
1795 1
1796 1
1797 1
1799 1
1800 1
1801 1
1805 1
1806 1
1807 1
1808 1
1809 1
1810 1
1851 6
1852 6
1853 6
1854 6
1855 6
1857 6
1858 6
1859 6
1860 6
1861 6
1862 6
1863 6
1864 3
1868 3
1869 3
1870 3
1876 3
1877 3
1878 6
1882 3
1883 3
1886 3
1887 3
1888 3
1890 3
1891 3
1892 3
1896 3
1897 3
1898 3
1899 3
1900 3
1901 3
1970 3
1971 3
1972 3
1973 3
1974 3
1976 3
1977 3
1978 3
1979 3
1980 3
1981 3
1982 3
1984 1
1988 1
1989 1
1990 1
1996 1
1997 1
1999 2
2003 1
2004 1
2007 1
2008 1
2009 1
2011 1
2012 1
2013 1
2017 1
2018 1
2019 1
2020 1
2021 1
2022 1
2093 31
2095 57
2096 57
2097 57
2098 57
2099 50
2104 210
2110 210
2111 210
2119 210
2120 210
fn=strncmp
98 1
125 1
126 1
127 1
128 1
129 1
131 1
132 1
134 1
135 1
156 1
157 1
158 1
159 1
160 1
161 1
162 1
163 1
180 1
181 1
182 1
183 1
184 1
185 1
186 1
2104 1
2107 1
2108 1
2110 1
2111 1
2119 1
2120 1
fl=./string/../sysdeps/x86_64/multiarch/../multiarch/strlen-sse2.S
fn=strlen
57 15
101 15
102 15
103 15
104 15
105 15
106 15
107 15
109 15
111 15
142 15
143 15
144 15
145 15
146 15
147 9
149 9
153 6
154 6
155 6
156 6
157 6
158 6
159 6
160 6
161 6
162 6
163 6
164 6
169 48
fl=./string/../sysdeps/x86_64/multiarch/ifunc-avx2.h
fn=memrchr
38 4
40 3
41 2
42 3
45 2
46 2
49 3
52 6
fn=rindex
38 4
40 3
41 2
42 3
45 2
46 2
49 3
52 6
fn=strchrnul
38 4
40 3
41 2
42 3
45 2
46 2
49 3
52 6
fn=strlen
38 4
40 3
41 2
42 3
45 2
46 2
49 3
52 6
fn=strnlen
38 8
40 6
41 4
42 6
45 4
46 4
49 6
52 12
fl=./string/../sysdeps/x86_64/multiarch/ifunc-evex.h
fn=memchr
37 4
38 3
39 3
42 2
43 2
45 2
51 3
54 4
fl=./string/../sysdeps/x86_64/multiarch/ifunc-memcmp.h
fn=bcmp
34 5
35 2
36 2
37 3
40 2
41 2
44 3
47 4
fl=./string/../sysdeps/x86_64/multiarch/ifunc-memmove.h
fn=memcpy@@GLIBC_2.14
56 2
57 3
60 3
61 2
74 2
77 2
85 2
93 2
96 5
fn=memmove
56 2
57 3
60 3
61 2
74 2
77 2
85 2
93 2
96 5
fn=mempcpy
56 2
57 3
60 3
61 2
74 2
77 2
85 2
93 2
96 5
fl=./string/../sysdeps/x86_64/multiarch/ifunc-memset.h
fn=memset
54 5
57 3
58 2
64 2
73 2
75 2
85 2
93 2
96 5
fl=./string/../sysdeps/x86_64/multiarch/ifunc-sse4_2.h
fn=strcspn
36 5
fn=strpbrk
36 5
fn=strspn
36 5
fl=./string/../sysdeps/x86_64/multiarch/ifunc-strcasecmp.h
fn=strcasecmp
36 4
37 2
38 3
41 2
42 2
45 3
48 5
fn=strcasecmp_l
36 4
37 2
38 3
41 2
42 2
45 3
48 5
fn=strncasecmp
36 4
37 2
38 3
41 2
42 2
45 3
48 5
fn=strncasecmp_l
36 4
37 2
38 3
41 2
42 2
45 3
48 5
fl=./string/../sysdeps/x86_64/multiarch/ifunc-strcpy.h
fn=stpcpy
38 4
39 3
42 2
43 2
46 3
49 3
fn=strcat
38 4
39 3
42 2
43 2
46 3
49 3
fn=strcpy
38 4
39 3
42 2
43 2
46 3
49 3
fl=./string/../sysdeps/x86_64/multiarch/ifunc-strncpy.h
fn=stpncpy
35 5
36 3
39 2
40 2
43 3
46 4
fn=strncpy
35 5
36 3
39 2
40 2
43 3
46 4
fl=./string/../sysdeps/x86_64/multiarch/memchr.c
fn=memchr
29 2
fl=./string/../sysdeps/x86_64/multiarch/memcmp.c
fn=bcmp
29 4
fl=./string/../sysdeps/x86_64/multiarch/memcmpeq.c
fn=memcpy@@GLIBC_2.14
29 1
fl=./string/../sysdeps/x86_64/multiarch/memmove-vec-unaligned-erms.S
fn=__memcpy_avx_unaligned_erms
255 5244
256 5244
262 5244
263 5244
265 5244
266 5244
267 5244
386 5244
387 5244
392 5244
393 5244
395 3685
396 3685
397 3685
399 3685
400 3685
401 3685
402 3685
403 3685
404 3685
405 3685
406 3685
407 3685
408 3685
409 3685
410 3685
411 3685
412 3685
413 7370
417 1559
418 1559
422 1559
424 1559
428 1559
429 1559
440 1559
443 1559
445 1559
447 1559
451 1559
452 1559
461 1452
462 1452
464 1452
466 1452
467 1452
468 1452
471 1452
473 1452
475 1452
477 2904
483 2914
484 2914
485 2914
486 2914
487 2914
488 2914
489 2914
490 2914
491 2914
492 2914
493 2914
494 2914
496 1452
497 1452
498 1452
499 1452
501 1452
505 2904
518 107
519 107
521 107
522 107
523 107
525 107
527 107
529 214
535 214
536 214
537 214
538 214
539 214
540 214
541 214
542 214
543 214
544 214
545 214
546 214
548 107
549 107
550 107
551 107
553 107
554 214
fn=memcpy
210 17
211 17
217 30
218 30
220 15
221 15
222 15
224 11
225 11
226 11
228 11
308 15
309 15
311 2
315 2
316 2
317 2
318 1
319 1
323 1
325 2
364 13
365 13
366 13
367 13
368 13
375 4
376 4
377 4
378 4
379 4
380 4
381 4
392 4
393 4
395 4
396 4
397 4
fn=mempcpy
197 13
198 13
199 13
200 13
fl=./string/../sysdeps/x86_64/multiarch/memmove.c
fn=memmove
29 1
fl=./string/../sysdeps/x86_64/multiarch/mempcpy.c
fn=mempcpy
33 1
fl=./string/../sysdeps/x86_64/multiarch/memrchr.c
fn=memrchr
29 3
fl=./string/../sysdeps/x86_64/multiarch/memset-vec-unaligned-erms.S
fn=__memset_avx2_unaligned_erms
158 4008
159 8016
164 4008
165 4008
166 4008
167 4008
168 4008
237 4008
238 4008
244 4007
245 4007
257 4007
260 4007
261 4007
273 4007
274 4007
287 4007
288 4007
290 4007
308 4007
309 4007
310 4007
311 4007
314 8014
325 1
326 1
327 1
328 32057
329 1
330 2
fl=./string/../sysdeps/x86_64/multiarch/memset.c
fn=memset
29 1
fl=./string/../sysdeps/x86_64/multiarch/stpcpy.c
fn=stpcpy
33 3
fl=./string/../sysdeps/x86_64/multiarch/stpncpy.c
fn=stpncpy
31 3
fl=./string/../sysdeps/x86_64/multiarch/strcasecmp.c
fn=strcasecmp
31 3
fl=./string/../sysdeps/x86_64/multiarch/strcasecmp_l.c
fn=strcasecmp_l
31 3
fl=./string/../sysdeps/x86_64/multiarch/strcat.c
fn=strcat
29 3
fl=./string/../sysdeps/x86_64/multiarch/strchr.c
fn=index
42 4
43 2
44 3
47 2
48 2
51 3
54 3
65 3
fl=./string/../sysdeps/x86_64/multiarch/strchrnul.c
fn=strchrnul
31 3
fl=./string/../sysdeps/x86_64/multiarch/strcmp.c
fn=strcmp
47 4
48 2
49 3
52 2
53 2
56 3
59 3
79 3
fl=./string/../sysdeps/x86_64/multiarch/strcpy.c
fn=strcpy
29 3
fl=./string/../sysdeps/x86_64/multiarch/strcspn.c
fn=strcspn
29 2
fl=./string/../sysdeps/x86_64/multiarch/strlen.c
fn=strlen
29 3
fl=./string/../sysdeps/x86_64/multiarch/strncase.c
fn=strncasecmp
31 3
fl=./string/../sysdeps/x86_64/multiarch/strncase_l.c
fn=strncasecmp_l
31 3
fl=./string/../sysdeps/x86_64/multiarch/strncmp.c
fn=strncmp
43 4
44 2
45 3
48 2
49 2
52 3
55 5
67 3
fl=./string/../sysdeps/x86_64/multiarch/strncpy.c
fn=strncpy
29 3
fl=./string/../sysdeps/x86_64/multiarch/strnlen.c
fn=strnlen
31 6
fl=./string/../sysdeps/x86_64/multiarch/strpbrk.c
fn=strpbrk
29 2
fl=./string/../sysdeps/x86_64/multiarch/strrchr-avx2.S
fn=__strrchr_avx2
53 1
54 1
55 1
57 1
58 1
62 1
63 1
64 1
67 1
69 1
70 1
71 1
72 1
97 1
98 1
99 1
100 1
101 1
105 1
106 1
107 1
108 1
109 1
110 1
115 2
156 1
159 1
160 1
161 1
162 1
163 1
164 1
fl=./string/../sysdeps/x86_64/multiarch/strrchr.c
fn=rindex
28 3
fl=./string/../sysdeps/x86_64/multiarch/strspn.c
fn=strspn
29 2
fl=./string/./string/strdup.c
fn=strdup
40 18
41 6
44 6
47 12
48 9
fl=./wcsmbs/../sysdeps/x86_64/multiarch/ifunc-avx2.h
fn=wcschr
38 8
40 6
41 4
42 6
45 4
46 4
49 6
52 12
fn=wcscmp
38 4
40 3
41 2
42 3
45 2
46 2
49 3
52 6
fl=./wcsmbs/../sysdeps/x86_64/multiarch/ifunc-evex.h
fn=wmemchr
37 8
38 6
39 6
42 4
43 4
45 4
51 6
54 8
fl=./wcsmbs/../sysdeps/x86_64/multiarch/ifunc-memcmp.h
fn=wmemcmp
34 5
35 2
36 2
37 3
40 2
41 2
44 3
47 4
fl=./wcsmbs/../sysdeps/x86_64/multiarch/ifunc-wcs.h
fn=wcpncpy
39 4
40 3
41 3
44 2
45 3
48 4
fn=wcscat
39 4
40 3
41 3
44 2
45 3
48 4
fn=wcsncpy
39 4
40 3
41 3
44 2
45 3
48 4
fl=./wcsmbs/../sysdeps/x86_64/multiarch/ifunc-wcslen.h
fn=wcslen
40 4
41 2
42 3
45 2
46 2
49 3
52 3
fn=wcsnlen
40 4
41 2
42 3
45 2
46 2
49 3
52 3
fl=./wcsmbs/../sysdeps/x86_64/multiarch/ifunc-wmemset.h
fn=wmemset
36 10
37 6
fl=./wcsmbs/../sysdeps/x86_64/multiarch/wcpcpy.c
fn=wcpncpy
31 1
fl=./wcsmbs/../sysdeps/x86_64/multiarch/wcpncpy.c
fn=wcpncpy
31 1
fl=./wcsmbs/../sysdeps/x86_64/multiarch/wcscat.c
fn=wcscat
31 2
fn=wcschr
31 2
fl=./wcsmbs/../sysdeps/x86_64/multiarch/wcschr.c
fn=wcschr
31 4
fl=./wcsmbs/../sysdeps/x86_64/multiarch/wcscmp.c
fn=wcscmp
30 3
fl=./wcsmbs/../sysdeps/x86_64/multiarch/wcscpy.c
fn=wcscpy
42 4
43 2
44 3
46 2
47 3
50 3
60 2
fl=./wcsmbs/../sysdeps/x86_64/multiarch/wcslen.c
fn=wcslen
29 3
fl=./wcsmbs/../sysdeps/x86_64/multiarch/wcsncpy.c
fn=wcsncpy
31 2
fl=./wcsmbs/../sysdeps/x86_64/multiarch/wcsnlen.c
fn=wcsnlen
30 3
fl=./wcsmbs/../sysdeps/x86_64/multiarch/wmemchr.c
fn=wmemchr
31 4
fl=./wcsmbs/../sysdeps/x86_64/multiarch/wmemcmp.c
fn=wmemcmp
29 4
fl=./wcsmbs/../sysdeps/x86_64/multiarch/wmemset.c
fn=wmemset
31 4
fl=/home/mizhgan/hashTable/src/../include/helpingFunctions.h
fn=fillHashTable(hashTable_t*, wordArrStruct_t*)
36 55938
fl=/home/mizhgan/hashTable/src/../include/structAccessFunctions.h
fn=fillHashTable(hashTable_t*, wordArrStruct_t*)
58 1103108
fn=insertAfter(list_t*, int, char*, unsigned long, unsigned long, dump_t*)
34 55938
58 55938
fl=/home/mizhgan/hashTable/src/hashFunctions.cpp
fn=crc32Hash(char const*)
95 580102523
98 1160205046
100 9937258331
102 2538949413
105 580102523
106 580102523
fl=/home/mizhgan/hashTable/src/hashTableFunctions.cpp
fn=fillHashTable(hashTable_t*, wordArrStruct_t*)
341 8
350 2
353 1738575
355 4056661
356 1159046
357 1159046
359 2897615
362 1159046
363 27969
365 279690
371 1103108
382 9
fn=hashTableCtor(hashTable_t*, unsigned long, unsigned long (*)(char const*), info_t*, dump_t*)
14 11
22 4
32 1
33 1
34 1
36 1
38 1
40 12025
41 24042
52 12021
53 36063
59 2
62 1
63 5
fn=hashTableDtor(hashTable_t*, unsigned long)
65 5
68 12026
69 12021
71 2
72 1
73 4
fn=testHashTable(hashTable_t*, wordArrStruct_t*, unsigned long)
390 1738569000
391 1159046000
392 579523000
394 2318092000
396 3000
401 14
404 3002
405 1738573000
406 2318092000
412 9
fl=/home/mizhgan/hashTable/src/helpingFunctions.cpp
fn=copyFileContent(wordArrStruct_t*, char const*)
14 22
16 5
17 1
104 13
109 3
116 2
121 4
122 2
128 1
130 4
135 1
138 12
fn=freeWordArrStruct(wordArrStruct_t*)
153 3
154 2
158 3
159 1
160 1
163 3
164 1
165 1
168 2
170 2
fn=getArrOfWordStructs(wordArrStruct_t*)
66 7
70 4
71 2
76 2
77 1
78 1
79 1
81 10880544
82 10880541
83 2180868
84 3477138
86 579523
88 579523
89 579523
91 5072826
93 2897615
94 579523
96 3626847
99 2
102 6
fn=getWordArrStruct(wordArrStruct_t*, char const*)
51 1
52 2
54 10880545
55 10880541
56 1090434
57 5072826
58 579523
59 579523
61 3626847
140 7
144 1
147 1
148 1
150 2
151 5
fn=shuffleWords(wordArrStruct_t*)
173 1159044
174 1159044
175 1159044
178 5
179 5
181 1159045
182 2897610
183 2897610
185 4
fl=/home/mizhgan/hashTable/src/listFunctions.cpp
fn=insertAfter(list_t*, int, char*, unsigned long, unsigned long, dump_t*)
104 5271
105 10542
107 49053
109 10542
113 5271
115 184779
117 27468
118 27468
119 54936
120 27468
122 10542
124 10542
125 5271
511 363597
534 83907
538 27969
540 55938
541 27969
542 27969
543 27969
545 27969
547 27969
549 55938
550 27969
552 27969
553 55938
555 27969
556 27969
566 251721
fn=listCtor(list_t*, long, info_t)
10 24042
13 16028
22 4007
23 4007
25 4007
27 4007
30 60105
31 12021
32 24042
33 12021
35 8014
37 4007
39 8014
40 8014
42 8014
44 8014
50 20035
fn=listDtor(list_t*)
711 12021
714 8014
715 4007
716 8014
fl=/home/mizhgan/hashTable/src/main.cpp
fn=main
9 7
11 3
12 4
14 5
15 3
16 15
18 3
20 2
22 4
24 3
25 2
28 8
fl=/usr/include/x86_64-linux-gnu/bits/fcntl2.h
fn=copyFileContent(wordArrStruct_t*, char const*)
53 4
fl=/usr/include/x86_64-linux-gnu/bits/unistd.h
fn=copyFileContent(wordArrStruct_t*, char const*)
38 5
fl=/usr/lib/gcc/x86_64-linux-gnu/11/include/smmintrin.h
fn=crc32Hash(char const*)
830 2538949413
fl=???
fn=(below main)
0 12
fn=???
0 7869176
summary: 62857806755
